x_p_j_mm	y_mm	pdin_volt	pdin_Pa	V_m/s	rho_kg/m^3	vrot_hz	
0.0	0.0	2.520	-0.000	0.007	1.172	32.7	
0.0	-1.0	1.647	431.226	27.132	1.172	32.7	
0.0	-2.0	1.558	475.334	28.486	1.172	32.7	
0.0	-3.0	1.552	477.843	28.561	1.172	32.7	
0.0	-4.0	1.554	477.071	28.538	1.172	32.7	
0.0	-5.0	1.549	479.484	28.610	1.172	32.7	
0.0	-6.0	1.547	480.449	28.639	1.172	32.7	
0.0	-7.0	1.554	476.974	28.535	1.172	32.7	
0.0	-8.0	1.552	478.036	28.567	1.172	32.7	
0.0	-9.0	1.551	478.422	28.578	1.172	32.7	
0.0	-10.0	1.550	478.905	28.593	1.172	32.7	
0.0	-11.0	1.555	476.781	28.529	1.172	32.7	
0.0	-12.0	1.553	477.360	28.547	1.172	32.7	
0.0	-13.0	1.545	481.607	28.673	1.172	32.7	
0.0	-14.0	1.562	473.307	28.425	1.172	32.7	
0.0	-15.0	2.351	83.871	11.966	1.172	32.7	
0.0	-16.0	2.528	-3.957	2.599	1.172	32.7	
x_p_j_mm	y_mm	pdin_volt	pdin_Pa	V_m/s	rho_kg/m^3	vrot_hz	
140.0	0.0	2.274	121.801	14.420	1.172	32.7	
140.0	-2.0	2.195	160.600	16.558	1.172	32.7	
140.0	-4.0	2.121	197.372	18.356	1.172	32.7	
140.0	-6.0	2.065	224.782	19.589	1.172	32.7	
140.0	-8.0	2.061	226.905	19.681	1.172	32.7	
140.0	-10.0	2.111	202.198	18.579	1.172	32.7	
140.0	-12.0	2.179	168.514	16.961	1.172	32.7	
140.0	-14.0	2.250	133.286	15.084	1.172	32.7	
140.0	-16.0	2.320	99.024	13.002	1.172	32.7	
140.0	-18.0	2.381	68.815	10.839	1.172	32.7	
140.0	-20.0	2.430	44.686	8.734	1.172	32.7	
140.0	-22.0	2.469	25.576	6.608	1.172	32.7	
140.0	-24.0	2.492	13.802	4.854	1.172	32.7	
140.0	-26.0	2.507	6.756	3.396	1.172	32.7	
140.0	-28.0	2.514	3.185	2.332	1.172	32.7	
140.0	-30.0	2.528	-3.957	2.599	1.172	32.7	
140.0	-32.0	2.531	-5.405	3.038	1.172	32.7	
140.0	-34.0	2.530	-4.536	2.783	1.172	32.7	
x_p_j_mm	y_mm	pdin_volt	pdin_Pa	V_m/s	rho_kg/m^3	vrot_hz	
280.0	0.0	2.414	52.407	9.459	1.172	32.7	
280.0	-2.0	2.419	50.187	9.256	1.172	32.7	
280.0	-4.0	2.415	51.828	9.406	1.172	32.7	
280.0	-6.0	2.407	56.075	9.784	1.172	32.7	
280.0	-8.0	2.411	54.048	9.606	1.172	32.7	
280.0	-10.0	2.415	51.828	9.406	1.172	32.7	
280.0	-12.0	2.422	48.740	9.122	1.172	32.7	
280.0	-14.0	2.431	44.204	8.687	1.172	32.7	
280.0	-16.0	2.441	39.185	8.179	1.172	32.7	
280.0	-18.0	2.450	34.649	7.691	1.172	32.7	
280.0	-20.0	2.467	26.541	6.731	1.172	32.7	
280.0	-22.0	2.463	28.472	6.972	1.172	32.7	
280.0	-24.0	2.478	21.137	6.007	1.172	32.7	
280.0	-26.0	2.483	18.724	5.654	1.172	32.7	
280.0	-28.0	2.485	17.276	5.431	1.172	32.7	
280.0	-30.0	2.494	13.222	4.751	1.172	32.7	
280.0	-32.0	2.501	9.748	4.079	1.172	32.7	
280.0	-34.0	2.510	5.019	2.927	1.172	32.7	
280.0	-36.0	2.516	2.316	1.989	1.172	32.7	
280.0	-38.0	2.518	1.255	1.464	1.172	32.7	
280.0	-40.0	2.523	-1.158	1.406	1.172	32.7	
280.0	-42.0	2.523	-1.158	1.406	1.172	32.7	
280.0	-44.0	2.522	-0.772	1.148	1.172	32.7	
280.0	-46.0	2.528	-3.668	2.502	1.172	32.7	
280.0	-48.0	2.528	-3.668	2.502	1.172	32.7	
280.0	-50.0	2.528	-3.668	2.502	1.172	32.7	
280.0	-52.0	2.529	-4.054	2.631	1.172	32.7	
280.0	-54.0	2.529	-4.247	2.693	1.172	32.7	
280.0	-56.0	2.529	-4.150	2.662	1.172	32.7	
280.0	-58.0	2.529	-4.150	2.662	1.172	32.7	
280.0	-60.0	2.530	-4.826	2.870	1.172	32.7	
280.0	-62.0	2.529	-4.247	2.693	1.172	32.7	
280.0	-64.0	2.529	-4.343	2.723	1.172	32.7	
280.0	-66.0	2.529	-4.343	2.723	1.172	32.7	
280.0	-68.0	2.530	-4.633	2.812	1.172	32.7	
280.0	-70.0	2.531	-5.019	2.927	1.172	32.7	
280.0	-72.0	2.530	-4.826	2.870	1.172	32.7	
280.0	-74.0	2.529	-4.054	2.631	1.172	32.7	
280.0	-76.0	2.528	-3.668	2.502	1.172	32.7	
280.0	-78.0	2.529	-4.440	2.753	1.172	32.7	
280.0	-80.0	2.529	-4.150	2.662	1.172	32.7	
280.0	-82.0	2.529	-4.150	2.662	1.172	32.7	
280.0	-84.0	2.530	-4.536	2.783	1.172	32.7	
x_p_j_mm	y_mm	pdin_volt	pdin_Pa	V_m/s	rho_kg/m^3	vrot_hz	
350.0	0.0	2.452	33.684	7.583	1.172	32.7	
350.0	-2.0	2.460	29.823	7.135	1.172	32.7	
350.0	-4.0	2.460	29.919	7.147	1.172	32.7	
350.0	-6.0	2.460	29.919	7.147	1.172	32.7	
350.0	-8.0	2.460	29.630	7.112	1.172	32.7	
350.0	-10.0	2.463	28.375	6.960	1.172	32.7	
350.0	-12.0	2.468	26.059	6.670	1.172	32.7	
350.0	-14.0	2.473	23.260	6.301	1.172	32.7	
350.0	-16.0	2.469	25.287	6.570	1.172	32.7	
350.0	-18.0	2.475	22.488	6.196	1.172	32.7	
350.0	-20.0	2.483	18.627	5.639	1.172	32.7	
350.0	-22.0	2.479	20.654	5.938	1.172	32.7	
350.0	-24.0	2.482	19.206	5.726	1.172	32.7	
350.0	-26.0	2.491	14.284	4.938	1.172	32.7	
350.0	-28.0	2.494	12.836	4.681	1.172	32.7	
350.0	-30.0	2.499	10.424	4.218	1.172	32.7	
350.0	-32.0	2.503	8.397	3.786	1.172	32.7	
350.0	-34.0	2.500	9.941	4.120	1.172	32.7	
350.0	-36.0	2.505	7.432	3.562	1.172	32.7	
350.0	-38.0	2.510	5.115	2.955	1.172	32.7	
350.0	-40.0	2.515	2.702	2.148	1.172	32.7	
350.0	-42.0	2.516	2.413	2.030	1.172	32.7	
350.0	-44.0	2.519	0.676	1.074	1.172	32.7	
350.0	-46.0	2.522	-0.676	1.074	1.172	32.7	
350.0	-48.0	2.522	-0.772	1.148	1.172	32.7	
350.0	-50.0	2.524	-1.544	1.624	1.172	32.7	
350.0	-52.0	2.525	-2.413	2.030	1.172	32.7	
350.0	-54.0	2.526	-2.992	2.260	1.172	32.7	
350.0	-56.0	2.527	-3.282	2.367	1.172	32.7	
350.0	-58.0	2.527	-3.282	2.367	1.172	32.7	
350.0	-60.0	2.527	-3.088	2.296	1.172	32.7	
350.0	-62.0	2.528	-3.668	2.502	1.172	32.7	
350.0	-64.0	2.527	-3.378	2.401	1.172	32.7	
350.0	-66.0	2.528	-3.957	2.599	1.172	32.7	
350.0	-68.0	2.528	-3.957	2.599	1.172	32.7	
350.0	-70.0	2.529	-4.054	2.631	1.172	32.7	
350.0	-72.0	2.529	-4.343	2.723	1.172	32.7	
350.0	-74.0	2.529	-4.440	2.753	1.172	32.7	
350.0	-76.0	2.529	-4.247	2.693	1.172	32.7	
350.0	-78.0	2.529	-4.247	2.693	1.172	32.7	
350.0	-80.0	2.529	-4.150	2.662	1.172	32.7	
350.0	-82.0	2.528	-3.957	2.599	1.172	32.7	
350.0	-84.0	2.528	-3.861	2.567	1.172	32.7	
